220000
171900
201500
140000
159000
229900
90000
97000
145000
363000
98000
337000
125000
127509
147900
221000
212000
57000
213000
15100
95000
47000
159000
300000
320000
35000
390000
146400
283000
280000
110000
271000
222500
224000
280000
80000
193600
58000
110000
154000
129000
30000
88500
90000
59900
100000
59900
81000
530000
152500
165000
133000
120000
225000
69500
7900
107500
167000
57000
187500
195000
135900
395000
3500
218000
89400
95000
180000
163500
3500
84900
100000
71500
174900
243600
118000
129500
135900
110000
160900
141000
20000
165300
215000
185000
42500
132500
180000
222900
330000
89400
14500
180000
3500
153500
147500
330000
34000
143000
142000
105000
35500
118900
220000
142400
14900
230000
191000
217900
107000
32000
203000
139900
525000
20500
230500
80000
56500
157000
18000
124900
195000
220000
88000
135000
164000
165000
4000
139000
115000
170000
134400
370000
37500
99800
99000
92500
73300
495500
128000
165000
18000
135000
64500
157000
123500
123000
187500
119000
185500
111000
189000
161000
192000
51700
163000
54000
11000
20300
153000
72200
33000
183000
186300
327000
164900
26000
775000
108500
220000
25000
125000
104000
189000
284000
22200
3000
284000
104000
219000
217250
3000
214500
217000
25000
69800
25000
154000
195000
19200
128900
83500
95000
213000
194000
30000
20000
128000
245000
181000
162000
131500
10200
181000
128000
182000
244000
75000
320000
18000
104000
40000
282000
8500
160000
4000
178000
42000
114900
27000
135000
66000
