2240
1720
2786
1040
2038
2371
2226
2200
1428
1448
1400
1733
1753
1920
1182
1556
2312
979
3000
925
1164
1638
1848
1504
1753
1884
2716
1525
2345
1706
1875
1771
1965
1874
2488
1500
2068
858
1048
1510
1916
1012
1472
1248
1240
4612
1248
1296
3000
1056
2693
1106
1794
2600
1139
1264
1858
1494
1808
2124
1769
1422
3340
1016
2668
1724
1672
1590
1316
1016
1872
1814
1786
1853
1947
1798
1532
1422
1868
1515
1412
1080
2000
1800
1336
1213
1240
1590
2959
1820
1724
742
1590
1016
2169
979
2262
1040
1500
916
1238
1699
1162
2172
1220
925
2053
2330
1340
2290
826
1159
1542
3015
1308
3100
815
896
1582
2076
1276
1176
1923
1020
1364
2600
1420
1052
1124
1723
2129
1008
3179
1332
1500
1975
2051
1532
2830
1304
1420
984
1364
1320
1582
2441
1508
1458
1344
1464
1444
1837
959
1184
1710
1974
1494
1152
1020
1256
930
1958
2246
2166
1890
1928
1092
4900
1562
2169
1408
1247
1528
1196
2204
1953
1214
2204
1528
2600
2270
1214
1536
2334
1408
1508
1176
1388
1872
1236
1150
1203
1153
1148
2081
768
1120
1586
1400
1852
2310
1660
672
1852
1586
1814
2730
1326
3674
1248
1452
1888
2457
1062
1790
1142
1758
968
1220
993
1328
1870
